SCHTable = [[0 1419 1 1 13 1799 13 4048.53 0 611328 151 1]
 [0 2836 1 1 10 1762 10 2854.25 0 496640 174 1]
 [0 1257 1 1 5 1720 5 1697.68 0 64512 38 1]
 [0 684 1 1 10 1693 10 4300.13 0 1.31584e+06 306 1]
 [0 2383 1 1 9 542 7 2662.4 0 53248 20 1]
 [0 1040 1 1 13 1654 10 4505.6 0 45056 10 0]
 [0 1796 1 1 7 557 5 1911.47 0 28672 15 1]
 [0 2104 1 1 10 1659 8 3904 0 374784 96 1]
 [0 1213 1 1 10 1680 8 4034.56 0 1.61382e+06 400 1]
 [0 2563 1 1 7 15 7 3072 0 3072 1 0]
 [0 640 1 1 3 24 3 1024 0 1024 1 0]
 [0 1612 1 1 3 25 3 1024 0 1024 1 0]
 [0 2350 1 1 5 201 3 1024 0 23552 23 0]
 [0 1039 1 1 2 31 2 512 0 1024 2 1]
 [0 766 1 1 3 23 3 1024 0 1024 1 0]
 [0 2167 1 1 5 84 3 1024 0 3072 3 0]
 [0 2928 1 1 7 1145 5 2205.04 0 690176 313 1]
 [0 1204 1 1 8 1636 7 3340.74 0 738304 221 1]
 [0 2237 1 1 7 1153 5 2252.8 0 33792 15 1]
 [0 1432 1 1 10 12 5 2560 0 5120 2 1]
 [0 1732 1 1 1 36 1 341.333 0 1024 3 1]
 [0 1248 1 1 3 480 1 768 0 3072 4 1]
 [1 2759 1 0 7 1796 7 1903.13 1 594944 312 1]
 [1 1993 1 0 10 1798 10 2516.51 1 1.6937e+06 672 1]
 [1 2770 1 0 3 1799 3 910.222 1 9216 10 1]
 [1 2102 1 1 3 1673 3 1024 0 28672 28 1]
 [1 2476 1 1 9 1560 7 3278.27 0 1.36704e+06 417 1]
 [1 2912 1 1 7 558 5 2304 0 55296 24 1]
 [1 1939 1 1 7 571 5 2324.76 0 86016 37 1]
 [1 2754 1 1 7 568 5 2415.09 0 128000 53 1]
 [1 1688 1 1 11 577 8 4835.56 0 87040 18 0]
 [1 1286 1 1 10 1596 8 5120 0 66560 13 0]
 [1 1994 1 1 1 30 1 341.333 0 1024 3 1]
 [1 1950 1 1 6 622 3 1555.44 0 122880 79 1]
 [1 2281 1 1 4 1668 2 804.571 0 11264 14 1]
 [1 2070 1 1 0 39 0 204.8 0 1024 5 1]
 [1 2423 1 1 4 1777 2 853.333 0 5120 6 1]
 [1 2752 1 1 6 954 3 1767.23 0 109568 62 1]
 [1 2687 1 1 4 1754 2 914.286 0 25600 28 1]
 [1 1867 1 1 4 1682 2 1024 0 11264 11 1]
 [1 2690 1 1 7 625 3 2340.57 0 16384 7 1]
 [1 2655 1 1 1 21 1 1024 0 1024 1 0]
 [2 860 1 1 13 1799 13 4681.83 0 1.98042e+06 423 1]
 [2 1533 1 1 4 1779 2 408.449 0 72704 178 1]
 [2 1565 1 1 7 1650 7 3577.29 0 819200 229 1]
 [2 966 1 1 7 943 5 2420.36 0 26624 11 1]
 [2 2457 1 1 7 978 5 2444.39 0 454656 186 1]
 [2 2206 1 1 4 181 2 614.4 0 3072 5 1]
 [2 1285 1 1 9 1587 7 4316.86 0 220160 51 1]
 [2 2795 1 1 7 1097 5 2901.33 0 174080 60 1]
 [2 2974 1 1 7 1572 5 3216.41 0 250880 78 1]
 [2 1089 1 1 7 1573 5 3335.57 0 1.12742e+06 338 1]
 [2 2282 1 1 10 234 5 3364.57 0 23552 7 0]
 [2 1707 1 1 6 1645 3 1799.76 0 178176 99 1]
 [2 985 1 1 5 1539 3 1984 0 31744 16 1]
 [2 2203 1 1 4 20 4 2048 0 2048 1 0]
 [2 1472 1 1 6 1609 3 2225.23 0 231424 104 1]
 [2 2259 1 1 7 970 3 2432 0 19456 8 1]
 [2 2315 1 1 1 30 0 341.333 0 1024 3 1]
 [2 644 1 1 1 29 0 341.333 0 1024 3 1]
 [3 2812 1 0 12 1799 12 4333.27 0 1.16531e+06 272 0]
 [3 1468 1 1 10 1773 8 3363.27 0 1.51347e+06 450 1]
 [3 2817 1 1 7 1667 7 3072 0 423936 138 1]
 [3 2815 1 1 3 1635 4 1068.52 0 49152 46 0]
 [3 2187 1 1 7 302 5 2221.29 0 144384 65 1]
 [3 1712 1 1 7 1213 5 2332.44 0 83968 36 1]
 [3 2536 1 1 9 351 5 2560 0 10240 4 1]
 [3 961 1 1 7 853 5 2590.12 0 88064 34 1]
 [3 2459 1 1 7 929 5 2679.3 0 551936 206 1]
 [3 789 1 1 9 1131 3 1365.33 0 12288 9 1]
 [3 2500 1 1 5 1093 3 1450.67 0 17408 12 1]
 [3 2302 1 1 4 1129 2 731.429 0 15360 21 1]
 [3 2377 1 1 3 1195 2 731.429 0 10240 14 1]
 [3 2374 1 1 4 1206 2 761.436 0 29696 39 1]
 [3 1552 1 1 7 1232 5 3154.58 0 586752 186 1]
 [3 2699 1 1 4 705 1 431.158 0 8192 19 1]
 [3 2469 1 1 6 1086 3 1764.57 0 395264 224 1]
 [3 3129 1 1 4 1224 2 896 0 14336 16 1]
 [3 1819 1 1 5 1095 3 1792 0 7168 4 1]
 [3 1394 1 1 10 1071 1 3276.8 0 16384 5 1]
 [4 1847 1 1 8 1799 8 1664 0 292864 176 1]
 [4 1462 1 1 4 1782 3 527.515 0 17408 33 1]
 [4 3179 1 1 10 1779 10 3897.26 0 1.18477e+06 304 1]
 [4 1381 1 1 10 1604 8 3988.21 0 75776 19 0]
 [4 1762 1 1 5 163 3 1024 0 2048 2 0]
 [4 2783 1 1 3 12 3 1024 0 1024 1 0]
 [4 2089 1 1 3 11 3 1024 0 1024 1 0]
 [4 2601 1 1 0 1702 0 128 0 5120 40 1]
 [4 1863 1 0 4 1116 2 546.133 0 26624 45 1]
 [4 1717 1 1 7 963 5 2389.33 0 7168 3 0]
 [4 934 1 1 10 1757 8 4893.24 0 4.1984e+06 858 1]
 [4 2758 1 1 7 1690 5 2545.37 0 89088 35 1]
 [4 2843 1 1 6 1123 3 1501.87 0 202752 135 1]
 [4 2323 1 1 2 1592 1 421.647 0 7168 17 1]
 [4 2039 1 1 6 1749 3 1839.87 0 226304 123 1]
 [4 2602 1 1 5 276 2 1024 0 2048 2 0]
 [4 1588 1 1 4 34 0 512 0 3072 6 1]
 [5 832 1 1 11 1799 11 4885.33 0 468992 96 0]
 [5 1263 1 1 6 1771 3 844.291 0 254976 302 1]
 [5 2297 1 1 3 1741 3 853.333 0 5120 6 1]
 [5 1378 1 1 11 1522 10 4311.04 0 431104 100 0]
 [5 1740 1 1 10 1127 8 3677.75 0 261120 71 0]
 [5 3055 1 1 10 1726 8 3734.59 0 126976 34 1]
 [5 2857 1 1 9 1721 7 2811.88 0 874496 311 1]
 [5 2432 1 1 9 1656 7 3065.79 0 505856 165 1]
 [5 2853 1 1 7 11 7 3072 0 3072 1 0]
 [5 2205 1 1 3 18 3 1024 0 1024 1 0]
 [5 1831 1 1 3 22 3 1024 0 1024 1 0]
 [5 2316 1 1 8 1736 7 3218.29 0 67584 21 1]
 [5 2848 1 1 7 1731 5 2389.33 0 207872 87 1]
 [5 2025 1 1 5 1615 4 1365.33 0 4096 3 1]
 [5 2512 1 1 6 1791 3 1554.96 0 83968 54 1]
 [5 2666 1 1 3 1792 2 791.273 0 34816 44 1]
 [5 2202 1 1 9 1793 5 3331.19 0 1.60563e+06 482 1]
 [5 1157 1 1 7 1668 4 2479.16 0 47104 19 1]
 [5 751 1 1 0 29 0 512 0 1024 2 1]
 [6 1349 1 1 13 1799 13 4514.65 0 817152 181 0]
 [6 1979 1 1 10 1740 8 3716.31 0 330752 89 1]
 [6 2874 1 1 7 748 5 1915.87 0 178176 93 1]
 [6 2879 1 1 7 7 7 3072 0 3072 1 0]
 [6 2883 1 1 10 3 10 5120 0 5120 1 0]
 [6 2887 1 1 10 5 10 5120 0 5120 1 0]
 [6 1958 1 1 4 108 2 512 0 5120 10 1]
 [6 3160 1 1 3 21 3 1024 0 1024 1 0]
 [6 1880 1 1 6 16 3 1024 0 2048 2 1]
 [6 2884 1 1 3 20 3 1024 0 1024 1 0]
 [6 1613 1 1 3 19 3 1024 0 1024 1 0]
 [6 2881 1 1 3 23 3 1024 0 1024 1 0]
 [6 2033 1 1 7 27 5 2048 0 6144 3 1]
 [6 1618 1 1 10 1676 8 4522.48 0 4.11546e+06 910 1]
 [6 2553 1 1 6 484 3 1137.78 0 20480 18 1]
 [6 2412 1 1 7 1299 5 2354.45 0 645120 274 1]
 [6 1587 1 1 6 454 3 1280 0 10240 8 1]
 [6 943 1 1 5 438 4 1365.33 0 8192 6 0]
 [6 2546 1 1 0 33 1 341.333 0 1024 3 1]
 [6 2873 1 1 6 1620 3 1665.62 0 263168 158 1]
 [6 893 1 1 4 936 2 862.316 0 32768 38 1]
 [7 3133 1 0 12 1799 12 4656.43 0 1.46637e+06 311 0]
 [7 1359 1 1 3 1636 3 636.384 0 225280 354 1]
 [7 2898 1 1 10 1618 10 3966.49 0 1.34861e+06 340 1]
 [7 1516 1 1 7 1574 7 2444.39 0 151552 62 1]
 [7 2842 1 1 12 693 11 4897.81 0 519168 106 0]
 [7 1229 1 1 10 1569 8 3395.56 0 977920 288 1]
 [7 667 1 1 11 1067 10 4256.28 0 489472 115 0]
 [7 1978 1 1 11 1093 10 4289.73 0 158720 37 0]
 [7 2299 1 1 10 1102 8 3661.58 0 120832 33 1]
 [7 831 1 1 10 1300 8 3716.74 0 100352 27 1]
 [7 2098 1 1 10 1376 8 3718.74 0 282624 76 1]
 [7 712 1 1 13 371 10 4664.89 0 41984 9 0]
 [7 2085 1 1 5 134 3 1024 0 2048 2 0]
 [7 1061 1 1 3 18 3 1024 0 1024 1 0]
 [7 2977 1 1 2 24 2 512 0 1024 2 1]
 [7 1599 1 1 5 132 3 1024 0 2048 2 0]
 [7 2907 1 1 6 353 3 1194.67 0 21504 18 0]
 [7 2547 1 1 9 1306 5 2925.71 0 40960 14 1]
 [7 2120 1 1 2 19 2 1024 0 1024 1 0]
 [7 1007 1 1 2 26 0 512 0 1024 2 1]
 [8 1887 1 1 13 1799 13 4534.86 0 3.04742e+06 672 1]
 [8 2921 1 1 7 1597 5 2014.07 0 668672 332 1]
 [8 2185 1 1 5 1590 5 2032.94 0 138240 68 1]
 [8 2444 1 1 11 391 9 4654.55 0 51200 11 0]
 [8 2689 1 1 9 575 7 3499.12 0 654336 187 1]
 [8 2353 1 1 10 1084 7 3529.04 0 624640 177 1]
 [8 2929 1 1 7 1400 5 2457.6 0 24576 10 1]
 [8 1424 1 1 2 1283 2 682.667 0 2048 3 1]
 [8 1242 1 1 6 1311 3 1455.16 0 27648 19 1]
 [8 622 1 1 7 589 5 2914.46 0 265216 91 1]
 [8 938 1 1 7 1270 5 3072 0 6144 2 0]
 [8 2922 1 1 7 1484 5 3111.38 0 161792 52 1]
 [8 2073 1 1 5 559 3 1575.38 0 20480 13 1]
 [8 2008 1 1 9 680 5 3203.66 0 224256 70 1]
 [8 786 1 1 4 1477 2 912.696 0 41984 46 1]
 [8 2678 1 1 5 1479 3 1958.96 0 45056 23 1]
 [8 1716 1 1 4 18 2 1024 0 2048 2 1]
 [8 1771 1 1 3 1415 1 884.364 0 19456 22 1]
 [9 2119 1 1 13 1799 13 3899.72 0 2.15654e+06 553 1]
 [9 1026 1 1 10 1670 10 2660.8 0 1.36499e+06 513 1]
 [9 2792 1 1 5 1639 5 1563.68 0 115712 74 1]
 [9 700 1 1 12 495 11 4892.44 0 88064 18 0]
 [9 2778 1 1 10 1193 10 4079.62 0 509952 125 0]
 [9 1893 1 1 11 570 10 4096 0 16384 4 0]
 [9 1670 1 1 11 1146 10 4096 0 57344 14 0]
 [9 836 1 1 10 540 8 3317.76 0 248832 75 1]
 [9 2718 1 1 10 427 7 2662.4 0 66560 25 1]
 [9 1197 1 1 9 566 7 2730.67 0 114688 42 1]
