localLog = [[630 0 0]
 [632 0 0]
 [636 0 0]
 [645 0 0]
 [656 0 0]
 [658 0 0]
 [660 0 0]
 [662 0 0]
 [667 0 0]
 [677 0 0]
 [688 0 0]
 [698 0 0]
 [700 0 0]
 [706 0 0]
 [717 0 0]
 [718 0 0]
 [728 0 0]
 [735 0 0]
 [742 0 0]
 [750 0 0]
 [755 0 0]
 [762 0 0]
 [770 0 0]
 [771 0 0]
 [780 0 0]
 [784 0 0]
 [787 0 0]
 [794 0 0]
 [801 0 0]
 [808 0 0]
 [809 0 0]
 [814 0 0]
 [817 0 0]
 [819 0 0]
 [827 0 0]
 [831 0 0]
 [832 0 0]
 [834 0 0]
 [842 0 0]
 [849 0 0]
 [850 0 0]
 [876 0 0]
 [879 0 0]
 [881 0 0]
 [890 0 0]
 [895 0 0]
 [897 0 0]
 [898 0 0]
 [901 0 0]
 [902 0 0]
 [911 0 0]
 [918 0 0]
 [920 0 0]
 [924 0 0]
 [929 0 0]
 [930 0 0]
 [933 0 0]
 [935 0 0]
 [938 0 0]
 [944 0 0]
 [945 0 0]
 [953 0 0]
 [955 0 0]
 [958 0 0]
 [959 0 0]
 [963 0 0]
 [966 0 0]
 [975 0 0]
 [977 0 0]
 [983 0 0]
 [988 0 0]
 [990 0 0]
 [991 0 0]
 [996 0 0]
 [1001 0 0]
 [1019 0 0]
 [1030 0 0]
 [1031 0 0]
 [1044 0 0]
 [1046 0 0]
 [1048 0 0]
 [1049 0 0]
 [1050 0 0]
 [1052 0 0]
 [1056 0 0]
 [1063 0 0]
 [1066 0 0]
 [1078 0 0]
 [1082 0 0]
 [1083 0 0]
 [1090 0 0]
 [1092 0 0]
 [1096 0 0]
 [1102 0 0]
 [1117 0 0]
 [1118 0 0]
 [1127 0 0]
 [1135 0 0]
 [1136 0 0]
 [1143 0 0]
 [1147 0 0]
 [1152 0 0]
 [1153 0 0]
 [1155 0 0]
 [1165 0 0]
 [1174 0 0]
 [1175 0 0]
 [1177 0 0]
 [1180 0 0]
 [1183 0 0]
 [1198 0 0]
 [1201 0 0]
 [1206 0 0]
 [1207 0 0]
 [1211 0 0]
 [1212 0 0]
 [1217 0 0]
 [1226 0 0]
 [1227 0 0]
 [1233 0 0]
 [1238 0 0]
 [1250 0 0]
 [1261 0 0]
 [1262 0 0]
 [1264 0 0]
 [1265 0 0]
 [1266 0 0]
 [1269 0 0]
 [1278 0 0]
 [1279 0 0]
 [1299 0 0]
 [1305 0 0]
 [1310 0 0]
 [1320 0 0]
 [1333 0 0]
 [1336 0 0]
 [1341 0 0]
 [1344 0 0]
 [1347 0 0]
 [1348 0 0]
 [1350 0 0]
 [1359 0 0]
 [1382 0 0]
 [1392 0 0]
 [1397 0 0]
 [1402 0 0]
 [1403 0 0]
 [1410 0 0]
 [1412 0 0]
 [1430 0 0]
 [1437 0 0]
 [1438 0 0]
 [1439 0 0]
 [1441 0 0]
 [1444 0 0]
 [1453 0 0]
 [1466 0 0]
 [1470 0 0]
 [1471 0 0]
 [1472 0 0]
 [1473 0 0]
 [1477 0 0]
 [1483 0 0]
 [1489 0 0]
 [1493 0 0]
 [1496 0 0]
 [1497 0 0]
 [1502 0 0]
 [1508 0 0]
 [1510 0 0]
 [1511 0 0]
 [1516 0 0]
 [1520 0 0]
 [1524 0 0]
 [1526 0 0]
 [1538 0 0]
 [1540 0 0]
 [1548 0 0]
 [1550 0 0]
 [1556 0 0]
 [1559 0 0]
 [1560 0 0]
 [1562 0 0]
 [1568 0 0]
 [1578 0 0]
 [1584 0 0]
 [1597 0 0]
 [1600 0 0]
 [1601 0 0]
 [1602 0 0]
 [1611 0 0]
 [1616 0 0]
 [1618 0 0]
 [1619 0 0]
 [1624 0 0]
 [1631 0 0]
 [1635 0 0]
 [1640 0 0]
 [1642 0 0]
 [1655 0 0]
 [1669 0 0]
 [1705 0 0]
 [1708 0 0]
 [1709 0 0]
 [1716 0 0]
 [1721 0 0]
 [1725 0 0]
 [1727 0 0]
 [1728 0 0]
 [1732 0 0]
 [1744 0 0]
 [1756 0 0]
 [1759 0 0]
 [1760 0 0]
 [1763 0 0]
 [1764 0 0]
 [1766 0 0]
 [1769 0 0]
 [1774 0 0]
 [1775 0 0]
 [1781 0 0]
 [1782 0 0]
 [1784 0 0]
 [1792 0 0]
 [1795 0 0]
 [1803 0 0]
 [1806 0 0]
 [1808 0 0]
 [1810 0 0]
 [1817 0 0]
 [1827 0 0]
 [1832 0 0]
 [1836 0 0]
 [1841 0 0]
 [1843 0 0]
 [1859 0 0]
 [1878 0 0]
 [1879 0 0]
 [1880 0 0]
 [1884 0 0]
 [1892 0 0]
 [1898 0 0]
 [1910 0 0]
 [1912 0 0]
 [1915 0 0]
 [1916 0 0]
 [1918 0 0]
 [1920 0 0]
 [1922 0 0]
 [1925 0 0]
 [1926 0 0]
 [1928 0 0]
 [1945 0 0]
 [1951 0 0]
 [1956 0 0]
 [1959 0 0]
 [1961 0 0]
 [1965 0 0]
 [1970 0 0]
 [1973 0 0]
 [1976 0 0]
 [1978 0 0]
 [1987 0 0]
 [1990 0 0]
 [2000 0 0]
 [2006 0 0]
 [2012 0 0]
 [2025 0 0]
 [2028 0 0]
 [2032 0 0]
 [2039 0 0]
 [2041 0 0]
 [2045 0 0]
 [2046 0 0]
 [2048 0 0]
 [2049 0 0]
 [2052 0 0]
 [2057 0 0]
 [2069 0 0]
 [2071 0 0]
 [2081 0 0]
 [2083 0 0]
 [2084 0 0]
 [2090 0 0]
 [2096 0 0]
 [2103 0 0]
 [2110 0 0]
 [2114 0 0]
 [2123 0 0]
 [2130 0 0]
 [2131 0 0]
 [2132 0 0]
 [2133 0 0]
 [2138 0 0]
 [2145 0 0]
 [2152 0 0]
 [2155 0 0]
 [2156 0 0]
 [2158 0 0]
 [2162 0 0]
 [2165 0 0]
 [2168 0 0]
 [2169 0 0]
 [2170 0 0]
 [2175 0 0]
 [2177 0 0]
 [2178 0 0]
 [2183 0 0]
 [2184 0 0]
 [2187 0 0]
 [2198 0 0]
 [2204 0 0]
 [2214 0 0]
 [2219 0 0]
 [2232 0 0]
 [2237 0 0]
 [2238 0 0]
 [2241 0 0]
 [2250 0 0]
 [2252 0 0]
 [2274 0 0]
 [2286 0 0]
 [2288 0 0]
 [2295 0 0]
 [2297 0 0]
 [2303 0 0]
 [2311 0 0]
 [2326 0 0]
 [2327 0 0]
 [2328 0 0]
 [2334 0 0]
 [2348 0 0]
 [2351 0 0]
 [2355 0 0]
 [2360 0 0]
 [2364 0 0]
 [2369 0 0]
 [2370 0 0]
 [2371 0 0]
 [2372 0 0]
 [2373 0 0]
 [2375 0 0]
 [2376 0 0]
 [2377 0 0]
 [2380 0 0]
 [2390 0 0]
 [2392 0 0]
 [2396 0 0]
 [2412 0 0]
 [2416 0 0]
 [2423 0 0]
 [2427 0 0]
 [2430 0 0]
 [2433 0 0]
 [2443 0 0]
 [2450 0 0]
 [2452 0 0]
 [2457 0 0]
 [2458 0 0]
 [2459 0 0]
 [2465 0 0]
 [2468 0 0]
 [2469 0 0]
 [2471 0 0]
 [2479 0 0]
 [2493 0 0]
 [2496 0 0]
 [2498 0 0]
 [2504 0 0]
 [2505 0 0]
 [2506 0 0]
 [2515 0 0]
 [2520 0 0]
 [2521 0 0]
 [2529 0 0]
 [2532 0 0]
 [2539 0 0]
 [2541 0 0]
 [2544 0 0]
 [2547 0 0]
 [2550 0 0]
 [2557 0 0]
 [2559 0 0]
 [2560 0 0]
 [2565 0 0]
 [2566 0 0]
 [2575 0 0]
 [2576 0 0]
 [2587 0 0]
 [2588 0 0]
 [2589 0 0]
 [2590 0 0]
 [2592 0 0]
 [2598 0 0]
 [2600 0 0]
 [2609 0 0]
 [2614 0 0]
 [2615 0 0]
 [2620 0 0]
 [2626 0 0]
 [2630 0 0]
 [2639 0 0]
 [2640 0 0]
 [2644 0 0]
 [2652 0 0]
 [2653 0 0]
 [2654 0 0]
 [2668 0 0]
 [2677 0 0]
 [2681 0 0]
 [2684 0 0]
 [2690 0 0]
 [2692 0 0]
 [2693 0 0]
 [2694 0 0]
 [2696 0 0]
 [2697 0 0]
 [2707 0 0]
 [2718 0 0]
 [2720 0 0]]