SCHTable = [[0 2724 1 0 10 1799 10 3891.74 1 1.46842e+06 377 1]
 [0 2204 1 1 8 1798 8 3739.83 0 258048 69 0]
 [0 1781 1 1 0 1717 0 139.636 0 6144 44 1]
 [0 1836 1 1 7 1185 5 2514.82 0 171008 68 1]
 [0 750 1 1 4 253 2 672.914 0 23552 35 1]
 [0 2032 1 1 1 31 1 341.333 0 1024 3 1]
 [0 1832 1 1 8 110 3 1365.33 0 4096 3 0]
 [0 1990 1 1 8 574 5 2730.67 0 8192 3 0]
 [0 2807 1 1 7 1010 5 2802.53 0 106496 38 1]
 [0 2364 1 1 7 1707 5 2969.99 0 775168 261 1]
 [0 1233 1 1 7 1198 5 3027.28 0 693248 229 1]
 [0 1470 1 1 7 1493 5 3059.44 0 498688 163 1]
 [0 2496 1 1 2 633 1 384 0 3072 8 1]
 [0 1616 1 1 5 1060 3 1582.55 0 17408 11 1]
 [0 1217 1 1 5 1204 3 1706.67 0 5120 3 0]
 [0 2081 1 1 4 1445 2 855.881 0 57344 67 1]
 [0 1928 1 1 4 950 2 879.845 0 362496 412 1]
 [0 2668 1 1 2 18 2 1024 0 1024 1 0]
 [0 2380 1 1 6 1467 4 2252.8 0 11264 5 1]
 [1 1437 1 0 7 1797 7 1555.44 1 863232 554 1]
 [1 2770 1 0 7 1798 7 2451.96 1 270336 110 1]
 [1 2756 1 0 3 1799 3 1772.47 1 442368 250 1]
 [1 1471 1 1 3 1794 3 1937.57 0 197632 102 1]
 [1 2766 1 1 6 1036 3 2048 0 4096 2 0]
 [1 1922 1 0 4 58 1 256 0 4096 8 1]
 [1 2138 1 1 6 1331 3 2195.04 0 428032 195 1]
 [1 2237 1 1 6 1122 3 2266.23 0 138240 61 1]
 [1 1548 1 1 4 1694 2 1243.43 0 365568 294 1]
 [1 850 1 1 7 895 3 2621.44 0 65536 25 1]
 [1 2416 1 1 5 1424 3 2712.7 0 154624 57 1]
 [1 1602 1 1 2 1517 1 682.667 0 22528 33 1]
 [1 2048 1 1 7 1553 3 3003.73 0 180224 60 1]
 [1 1806 1 1 4 1747 2 1556.48 0 38912 25 1]
 [1 2046 1 1 6 1111 2 1877.33 0 11264 6 1]
 [1 2170 1 1 3 1425 1 1472 0 23552 16 1]
 [1 1978 1 1 3 1041 0 1024 0 2048 2 0]
 [2 2286 1 0 10 1798 10 2998.86 1 89088 29 1]
 [2 2785 1 0 7 1799 7 1949.54 1 104448 53 1]
 [2 2783 1 1 7 1775 7 2349.18 0 39936 17 1]
 [2 814 1 1 12 435 11 4837.05 0 367616 76 0]
 [2 924 1 1 7 437 5 1615.45 0 187392 116 1]
 [2 1299 1 1 12 1154 11 4950.29 0 1.7623e+06 356 0]
 [2 938 1 1 12 781 11 4962.46 0 64512 13 0]
 [2 1898 1 1 7 796 5 1792 0 7168 4 1]
 [2 2145 1 1 10 1771 8 3633.44 0 3.38637e+06 932 1]
 [2 2869 1 1 7 1177 5 1877.33 0 45056 24 1]
 [2 2311 1 1 9 1792 7 2872.2 0 117760 41 1]
 [2 898 1 1 8 1774 7 2897.45 0 254976 88 1]
 [2 1226 1 1 7 801 5 1938.29 0 54272 28 1]
 [2 1279 1 1 10 6 10 5120 0 5120 1 0]
 [2 1526 1 1 7 18 7 3072 0 3072 1 0]
 [2 2797 1 1 3 22 3 1024 0 1024 1 0]
 [2 977 1 1 7 1162 5 2161.78 0 38912 18 1]
 [2 2587 1 1 8 161 1 2048 0 4096 2 0]
 [3 2450 1 0 10 1797 10 2225.23 1 467968 209 1]
 [3 2757 1 0 10 1798 10 2413.44 1 654336 270 1]
 [3 2964 1 0 10 1799 10 4112.95 1 1.7449e+06 424 1]
 [3 1631 1 1 5 1794 5 2048 0 14336 7 1]
 [3 2452 1 1 6 130 3 1365.33 0 4096 3 0]
 [3 2083 1 1 4 116 2 682.667 0 4096 6 1]
 [3 2825 1 1 5 1141 3 1380.17 0 31744 23 1]
 [3 660 1 1 7 793 5 2855.38 0 148480 52 1]
 [3 1136 1 1 8 1146 7 4373.33 0 209920 48 1]
 [3 1817 1 1 7 972 5 2969.6 0 356352 120 1]
 [3 1508 1 1 7 841 5 3004.85 0 183296 61 1]
 [3 1261 1 1 11 64 5 3072 0 6144 2 0]
 [3 1066 1 1 6 693 3 1546.89 0 72704 47 1]
 [3 2630 1 1 5 707 3 1714.09 0 78848 46 1]
 [3 1265 1 1 3 1387 2 947.2 0 37888 40 1]
 [3 2529 1 1 5 1070 3 1960.23 0 68608 35 1]
 [3 1520 1 1 8 1162 5 4587.19 0 1.69267e+06 369 1]
 [3 2828 1 1 4 1389 2 1228.8 0 18432 15 0]
 [3 2232 1 1 5 486 2 1365.33 0 4096 3 1]
 [3 706 1 1 4 1101 0 1126.4 0 22528 20 1]
 [4 2000 1 1 11 1799 11 2883.11 0 593920 206 1]
 [4 2871 1 1 11 1797 11 4401.31 0 1.6681e+06 379 0]
 [4 1320 1 1 10 1599 8 3226.3 0 471040 146 1]
 [4 2734 1 1 7 382 5 1638.4 0 32768 20 1]
 [4 2839 1 1 11 1266 10 4173.08 0 2.32858e+06 558 0]
 [4 1511 1 1 12 636 11 5048.56 0 217088 43 0]
 [4 2532 1 1 10 1013 8 3387.08 0 88064 26 1]
 [4 2090 1 1 9 970 7 2584.38 0 54272 21 1]
 [4 2156 1 1 7 550 5 1843.2 0 55296 30 1]
 [4 1001 1 1 11 985 8 3737.6 0 74752 20 1]
 [4 2328 1 1 9 967 5 1901.71 0 13312 7 1]
 [4 2219 1 1 7 1020 5 2048 0 12288 6 1]
 [4 1063 1 1 7 1006 5 2090.67 0 100352 48 1]
 [4 918 1 1 7 1008 5 2101.89 0 79872 38 1]
 [4 2544 1 1 7 987 5 2194.29 0 30720 14 1]
 [4 2831 1 1 7 1281 5 2307.24 0 364544 158 1]
 [4 1516 1 1 4 344 2 682.667 0 6144 9 1]
 [4 920 1 1 6 1019 3 1416.17 0 66560 47 1]
 [4 742 1 1 4 972 2 731.429 0 15360 21 1]
 [4 2504 1 1 0 27 0 512 0 1024 2 1]
 [4 2288 1 1 0 24 0 1024 0 1024 1 0]
 [5 1118 1 1 12 1799 12 4471.47 0 402432 90 1]
 [5 2854 1 1 5 1781 5 1731.95 0 280576 162 1]
 [5 2692 1 1 11 1561 10 4437.33 0 612352 138 0]
 [5 3080 1 1 10 1779 10 4437.33 0 199680 45 1]
 [5 2198 1 1 11 658 7 2688 0 21504 8 1]
 [5 2614 1 1 9 995 7 2699.64 0 89088 33 1]
 [5 2791 1 1 10 1329 8 3623.93 0 1.58003e+06 436 1]
 [5 1878 1 0 7 640 5 1796.2 0 112640 61 1]
 [5 787 1 1 7 730 5 1969.23 0 51200 26 1]
 [5 2684 1 1 4 26 3 1024 0 2048 2 1]
 [5 2547 1 1 10 1073 9 4096 0 65536 16 0]
 [5 1046 1 1 10 1773 8 4352 0 226304 52 1]
 [5 2853 1 1 6 561 3 1101.58 0 145408 132 1]
 [5 2457 1 1 6 1017 3 1131.79 0 21504 19 1]
 [5 2372 1 1 7 1635 5 2385.45 0 839680 352 1]
 [5 1884 1 1 5 28 2 682.667 0 2048 3 1]
 [5 902 1 1 6 1656 3 1640.3 0 354304 216 1]
 [5 1578 1 1 10 1336 5 4266.67 0 25600 6 0]
 [5 1030 1 1 5 240 1 1024 0 3072 3 0]
 [6 2851 1 0 11 1799 11 4272.55 0 994304 263 0]
 [6 2888 1 1 7 1565 5 1482.29 0 635904 429 1]
 [6 2560 1 1 2 1548 2 409.6 0 2048 5 1]
 [6 1056 1 1 3 1525 3 1024 0 53248 52 1]
 [6 1305 1 1 10 966 8 4140.2 0 1.15098e+06 278 1]
 [6 2052 1 1 7 483 5 2218.67 0 66560 30 1]
 [6 1238 1 1 5 461 3 1137.78 0 20480 18 1]
 [6 1198 1 1 7 488 5 2342.25 0 203776 87 1]
 [6 1412 1 1 6 1520 3 1194.67 0 21504 18 1]
 [6 1611 1 1 7 1485 5 2414.12 0 432128 179 1]
 [6 2238 1 1 7 1083 5 2693.91 0 175104 65 1]
 [6 2881 1 1 5 859 3 1416.62 0 273408 193 1]
 [6 1502 1 1 7 63 3 1536 0 6144 4 1]
 [6 1925 1 1 5 351 2 787.692 0 10240 13 1]
 [6 2479 1 1 5 1075 3 1696 0 54272 32 1]
 [6 780 1 1 4 449 2 853.333 0 5120 6 1]
 [6 636 1 1 10 431 5 3584 0 35840 10 1]
 [6 677 1 1 10 551 5 3668.5 0 377856 103 1]
 [6 2550 1 1 5 477 2 1450.67 0 17408 12 1]
 [6 1619 1 1 5 29 0 682.667 0 2048 3 1]
 [7 1052 1 1 9 1799 9 1275.51 0 72704 57 1]
 [7 1568 1 1 9 1796 9 2270.02 0 513024 226 1]
 [7 2909 1 1 10 1793 10 3930.62 0 1.77664e+06 452 1]
 [7 3087 1 1 3 1794 3 1024 0 21504 21 0]
 [7 2892 1 1 7 392 5 2090.67 0 50176 24 1]
 [7 2907 1 1 7 408 5 2141.09 0 94208 44 1]
 [7 1635 1 1 9 661 7 3253.89 0 494592 152 1]
 [7 2430 1 1 9 256 5 2263.58 0 43008 19 1]
 [7 2969 1 1 7 1149 5 2326.04 0 351232 151 1]
 [7 1721 1 1 10 1275 8 5120 0 10240 2 0]
 [7 2162 1 1 4 72 2 682.667 0 4096 6 1]
 [7 2392 1 1 7 1283 5 2761.07 0 681984 247 1]
 [7 1477 1 1 7 904 5 2952 0 377856 128 1]
 [7 2326 1 1 6 709 3 1485.8 0 227328 153 1]
 [7 2901 1 1 7 1281 5 3072 0 6144 2 0]
 [7 1775 1 1 5 641 3 1556.48 0 38912 25 1]
 [7 2920 1 1 5 780 3 1568.68 0 73728 47 1]
 [7 879 1 1 5 1328 2 1024 0 4096 4 0]
 [7 2498 1 0 10 386 4 1316.57 0 14336 7 1]
 [7 2158 1 1 6 1427 2 1063.38 0 27648 26 1]
 [7 2130 1 1 11 27 2 3072 0 6144 2 0]
 [7 1600 1 1 10 403 2 3276.8 0 16384 5 1]
 [8 3013 1 0 12 1799 12 3423.52 0 2.00499e+06 589 1]
 [8 2922 1 1 10 1746 10 4816.44 0 1.21856e+06 253 0]
 [8 1716 1 1 8 1747 8 3866.99 0 1.21037e+06 313 1]
 [8 1945 1 1 9 1745 8 3885.71 0 435200 112 1]
 [8 1810 1 1 10 6 10 5120 0 5120 1 0]
 [8 728 1 1 5 53 3 1024 0 2048 2 0]
 [8 945 1 1 4 22 4 1024 0 2048 2 1]
 [8 762 1 1 4 298 2 527.515 0 17408 33 1]
 [8 2924 1 1 6 213 3 1126.4 0 11264 10 0]
 [8 1782 1 1 10 1347 8 4510.48 0 189440 42 1]
 [8 2541 1 1 6 297 3 1131.79 0 21504 19 0]
 [8 2932 1 1 7 876 5 2312.26 0 71680 31 1]
 [8 2693 1 1 9 1056 7 3499.45 0 762880 218 1]
 [8 996 1 1 5 455 3 1179.15 0 38912 33 1]
 [8 930 1 1 7 1323 5 2383.13 0 131072 55 1]
 [8 1624 1 1 6 620 3 1203.65 0 68608 57 1]
 [8 1976 1 1 5 845 3 1365.33 0 4096 3 1]
 [8 1403 1 1 2 48 1 341.333 0 2048 6 1]
 [8 2177 1 1 5 1110 4 1778.53 0 33792 19 1]
 [8 983 1 1 0 25 0 512 0 1024 2 1]
 [9 1918 1 1 11 1799 11 2896.84 0 2.42176e+06 836 1]
 [9 2753 1 1 11 1722 11 3557.45 0 480256 135 1]
 [9 2639 1 1 10 1715 10 3808.78 0 312320 82 1]
 [9 2057 1 1 10 1673 10 3827.41 0 466944 122 1]
 [9 959 1 1 12 540 11 5056.44 0 733184 145 0]
 [9 1892 1 1 7 526 5 1869.21 0 117760 63 1]
 [9 1784 1 1 9 1063 7 2851.14 0 145408 51 1]
