localLog = [[624 0 0]
 [639 0 0]
 [651 0 0]
 [653 0 0]
 [661 0 0]
 [667 0 0]
 [673 0 0]
 [678 0 0]
 [679 0 0]
 [682 0 0]
 [687 0 0]
 [697 0 0]
 [720 0 0]
 [723 0 0]
 [727 0 0]
 [728 0 0]
 [734 0 0]
 [737 0 0]
 [739 0 0]
 [741 0 0]
 [747 0 0]
 [754 0 0]
 [761 0 0]
 [768 0 0]
 [772 0 0]
 [773 0 0]
 [774 0 0]
 [778 0 0]
 [786 0 0]
 [788 0 0]
 [791 0 0]
 [795 0 0]
 [796 0 0]
 [800 0 0]
 [810 0 0]
 [823 0 0]
 [834 0 0]
 [846 0 0]
 [851 0 0]
 [852 0 0]
 [860 0 0]
 [861 0 0]
 [862 0 0]
 [863 0 0]
 [865 0 0]
 [866 0 0]
 [867 0 0]
 [873 0 0]
 [874 0 0]
 [878 0 0]
 [880 0 0]
 [887 0 0]
 [889 0 0]
 [890 0 0]
 [893 0 0]
 [915 0 0]
 [924 0 0]
 [928 0 0]
 [929 0 0]
 [934 0 0]
 [938 0 0]
 [939 0 0]
 [951 0 0]
 [960 0 0]
 [961 0 0]
 [967 0 0]
 [969 0 0]
 [970 0 0]
 [978 0 0]
 [982 0 0]
 [983 0 0]
 [991 0 0]
 [1001 0 0]
 [1005 0 0]
 [1010 0 0]
 [1019 0 0]
 [1021 0 0]
 [1023 0 0]
 [1024 0 0]
 [1027 0 0]
 [1028 0 0]
 [1040 0 0]
 [1042 0 0]
 [1051 0 0]
 [1052 0 0]
 [1060 0 0]
 [1068 0 0]
 [1091 0 0]
 [1093 0 0]
 [1101 0 0]
 [1105 0 0]
 [1106 0 0]
 [1107 0 0]
 [1108 0 0]
 [1116 0 0]
 [1126 0 0]
 [1128 0 0]
 [1130 0 0]
 [1132 0 0]
 [1143 0 0]
 [1144 0 0]
 [1146 0 0]
 [1149 0 0]
 [1159 0 0]
 [1165 0 0]
 [1167 0 0]
 [1172 0 0]
 [1176 0 0]
 [1177 0 0]
 [1181 0 0]
 [1184 0 0]
 [1186 0 0]
 [1188 0 0]
 [1189 0 0]
 [1190 0 0]
 [1193 0 0]
 [1195 0 0]
 [1200 0 0]
 [1201 0 0]
 [1208 0 0]
 [1209 0 0]
 [1211 0 0]
 [1214 0 0]
 [1220 0 0]
 [1221 0 0]
 [1223 0 0]
 [1225 0 0]
 [1233 0 0]
 [1249 0 0]
 [1252 0 0]
 [1253 0 0]
 [1268 0 0]
 [1275 0 0]
 [1276 0 0]
 [1277 0 0]
 [1278 0 0]
 [1279 0 0]
 [1280 0 0]
 [1282 0 0]
 [1288 0 0]
 [1298 0 0]
 [1307 0 0]
 [1315 0 0]
 [1322 0 0]
 [1323 0 0]
 [1324 0 0]
 [1335 0 0]
 [1336 0 0]
 [1351 0 0]
 [1353 0 0]
 [1376 0 0]
 [1380 0 0]
 [1388 0 0]
 [1392 0 0]
 [1394 0 0]
 [1396 0 0]
 [1410 0 0]
 [1413 0 0]
 [1427 0 0]
 [1435 0 0]
 [1448 0 0]
 [1450 0 0]
 [1452 0 0]
 [1453 0 0]
 [1455 0 0]
 [1457 0 0]
 [1473 0 0]
 [1476 0 0]
 [1477 0 0]
 [1480 0 0]
 [1496 0 0]
 [1501 0 0]
 [1513 0 0]
 [1518 0 0]
 [1530 0 0]
 [1534 0 0]
 [1540 0 0]
 [1542 0 0]
 [1552 0 0]
 [1556 0 0]
 [1559 0 0]
 [1560 0 0]
 [1562 0 0]
 [1565 0 0]
 [1567 0 0]
 [1572 0 0]
 [1573 0 0]
 [1581 0 0]
 [1582 0 0]
 [1583 0 0]
 [1586 0 0]
 [1589 0 0]
 [1594 0 0]
 [1602 0 0]
 [1606 0 0]
 [1607 0 0]
 [1616 0 0]
 [1618 0 0]
 [1627 0 0]
 [1638 0 0]
 [1639 0 0]
 [1644 0 0]
 [1650 0 0]
 [1652 0 0]
 [1661 0 0]
 [1665 0 0]
 [1669 0 0]
 [1670 0 0]
 [1673 0 0]
 [1676 0 0]
 [1680 0 0]
 [1686 0 0]
 [1692 0 0]
 [1696 0 0]
 [1702 0 0]
 [1703 0 0]
 [1710 0 0]
 [1713 0 0]
 [1716 0 0]
 [1719 0 0]
 [1720 0 0]
 [1726 0 0]
 [1729 0 0]
 [1731 0 0]
 [1732 0 0]
 [1735 0 0]
 [1736 0 0]
 [1740 0 0]
 [1752 0 0]
 [1764 0 0]
 [1765 0 0]
 [1769 0 0]
 [1772 0 0]
 [1777 0 0]
 [1778 0 0]
 [1787 0 0]
 [1788 0 0]
 [1790 0 0]
 [1800 0 0]
 [1803 0 0]
 [1809 0 0]
 [1817 0 0]
 [1821 0 0]
 [1826 0 0]
 [1830 0 0]
 [1843 0 0]
 [1845 0 0]
 [1851 0 0]
 [1867 0 0]
 [1870 0 0]
 [1876 0 0]
 [1885 0 0]
 [1887 0 0]
 [1892 0 0]
 [1893 0 0]
 [1895 0 0]
 [1897 0 0]
 [1903 0 0]
 [1904 0 0]
 [1909 0 0]
 [1916 0 0]
 [1929 0 0]
 [1939 0 0]
 [1944 0 0]
 [1946 0 0]
 [1954 0 0]
 [1957 0 0]
 [1969 0 0]
 [1971 0 0]
 [1973 0 0]
 [1982 0 0]
 [1983 0 0]
 [1984 0 0]
 [1989 0 0]
 [1995 0 0]
 [1996 0 0]
 [2008 0 0]
 [2009 0 0]
 [2018 0 0]
 [2028 0 0]
 [2036 0 0]
 [2038 0 0]
 [2039 0 0]
 [2045 0 0]
 [2050 0 0]
 [2051 0 0]
 [2060 0 0]
 [2067 0 0]
 [2069 0 0]
 [2075 0 0]
 [2076 0 0]
 [2079 0 0]
 [2090 0 0]
 [2094 0 0]
 [2095 0 0]
 [2098 0 0]
 [2103 0 0]
 [2113 0 0]
 [2114 0 0]
 [2115 0 0]
 [2117 0 0]
 [2119 0 0]
 [2124 0 0]
 [2139 0 0]
 [2140 0 0]
 [2148 0 0]
 [2150 0 0]
 [2163 0 0]
 [2164 0 0]
 [2168 0 0]
 [2171 0 0]
 [2173 0 0]
 [2174 0 0]
 [2176 0 0]
 [2178 0 0]
 [2192 0 0]
 [2197 0 0]
 [2206 0 0]
 [2211 0 0]
 [2213 0 0]
 [2229 0 0]
 [2238 0 0]
 [2242 0 0]
 [2245 0 0]
 [2247 0 0]
 [2255 0 0]
 [2256 0 0]
 [2261 0 0]
 [2263 0 0]
 [2270 0 0]
 [2272 0 0]
 [2281 0 0]
 [2282 0 0]
 [2285 0 0]
 [2288 0 0]
 [2299 0 0]
 [2302 0 0]
 [2310 0 0]
 [2312 0 0]
 [2322 0 0]
 [2323 0 0]
 [2337 0 0]
 [2338 0 0]
 [2339 0 0]
 [2346 0 0]
 [2350 0 0]
 [2354 0 0]
 [2356 0 0]
 [2357 0 0]
 [2362 0 0]
 [2363 0 0]
 [2364 0 0]
 [2365 0 0]
 [2369 0 0]
 [2373 0 0]
 [2386 0 0]
 [2394 0 0]
 [2399 0 0]
 [2404 0 0]
 [2405 0 0]
 [2409 0 0]
 [2416 0 0]
 [2420 0 0]
 [2421 0 0]
 [2425 0 0]
 [2427 0 0]
 [2429 0 0]
 [2445 0 0]
 [2447 0 0]
 [2449 0 0]
 [2451 0 0]
 [2457 0 0]
 [2458 0 0]
 [2460 0 0]
 [2461 0 0]
 [2468 0 0]
 [2476 0 0]
 [2478 0 0]
 [2481 0 0]
 [2482 0 0]
 [2490 0 0]
 [2496 0 0]
 [2503 0 0]
 [2511 0 0]
 [2523 0 0]
 [2524 0 0]
 [2539 0 0]
 [2540 0 0]
 [2541 0 0]
 [2546 0 0]
 [2547 0 0]
 [2548 0 0]
 [2557 0 0]
 [2567 0 0]
 [2577 0 0]
 [2581 0 0]
 [2583 0 0]
 [2585 0 0]
 [2594 0 0]
 [2595 0 0]
 [2597 0 0]
 [2616 0 0]
 [2618 0 0]
 [2620 0 0]
 [2622 0 0]
 [2623 0 0]
 [2629 0 0]
 [2631 0 0]
 [2636 0 0]
 [2642 0 0]
 [2648 0 0]
 [2651 0 0]
 [2656 0 0]
 [2667 0 0]
 [2669 0 0]
 [2676 0 0]
 [2681 0 0]
 [2700 0 0]
 [2706 0 0]
 [2712 0 0]]