SCHTable = [[0 2008 1 0 9 1796 8 1024 1 36864 33 1]
 [0 1195 1 0 3 1798 4 1024 1 9216 9 0]
 [0 2238 1 0 3 1799 3 1071.63 1 47104 44 1]
 [0 1534 1 1 10 838 8 4323.56 0 194560 45 0]
 [0 774 1 1 10 1610 8 4402.17 0 3.07712e+06 699 1]
 [0 1186 1 1 5 1319 3 1118.52 0 72704 65 1]
 [0 2272 1 1 9 829 7 3357.92 0 517120 154 1]
 [0 1336 1 1 7 825 5 2258.05 0 88064 39 1]
 [0 2748 1 1 7 1133 5 2319.67 0 340992 147 1]
 [0 2242 1 1 6 170 3 1170.29 0 8192 7 0]
 [0 786 1 1 9 839 7 3584 0 136192 38 1]
 [0 2723 1 1 6 346 3 1238.33 0 53248 43 1]
 [0 2722 1 1 6 763 3 1327.41 0 35840 27 1]
 [0 1172 1 1 6 741 3 1410.72 0 265216 188 1]
 [0 860 1 1 6 1797 3 1425.89 0 265216 186 1]
 [0 1670 1 1 4 877 2 811.472 0 43008 53 1]
 [0 2541 1 1 5 1690 3 1843.2 0 27648 15 1]
 [0 1010 1 1 4 20 2 1024 0 2048 2 1]
 [0 1427 1 0 4 136 0 170.667 0 3072 6 1]
 [1 2754 1 0 8 1799 8 1967.86 0 711680 361 1]
 [1 887 1 1 3 1783 3 662.588 0 22528 34 1]
 [1 2766 1 1 11 1768 11 4445.66 0 182272 41 1]
 [1 2616 1 1 3 1703 3 1024 0 6144 6 0]
 [1 2755 1 1 7 1123 5 2094.97 0 228352 109 1]
 [1 2458 1 1 9 1261 7 3165.99 0 655360 207 1]
 [1 1167 1 1 10 1471 8 4275.2 0 171008 40 1]
 [1 1275 1 1 9 1444 7 3241.9 0 722944 223 1]
 [1 1282 1 1 4 1692 2 551.385 0 14336 26 1]
 [1 3044 1 1 7 1094 5 2232.09 0 198656 89 1]
 [1 2546 1 1 10 1551 8 4473.26 0 84992 19 0]
 [1 2164 1 1 9 1280 7 3404.93 0 691200 203 1]
 [1 1616 1 1 9 501 5 2340.57 0 16384 7 1]
 [1 2761 1 1 9 1367 7 3747.84 0 374784 100 1]
 [1 1052 1 1 10 1524 8 5120 0 10240 2 0]
 [1 2075 1 1 3 1561 2 682.667 0 2048 3 1]
 [1 2174 1 1 7 1371 5 2928.48 0 773120 264 1]
 [1 1594 1 1 9 223 3 1609.14 0 11264 7 1]
 [1 2523 1 1 3 1505 2 908.075 0 48128 53 1]
 [1 1208 1 1 1 38 0 256 0 1024 4 1]
 [1 2511 1 1 3 1593 0 1024 0 2048 2 0]
 [2 2772 1 0 3 1797 3 1024 1 200704 196 1]
 [2 1732 1 1 8 1799 8 1424.7 0 98304 69 1]
 [2 2771 1 1 5 1796 5 2939.01 0 226304 77 1]
 [2 2079 1 1 6 743 3 1937.07 0 232448 120 1]
 [2 2069 1 1 2 810 1 491.52 0 12288 25 1]
 [2 2150 1 1 6 870 3 1984 0 126976 64 1]
 [2 2782 1 1 4 837 2 1024 0 23552 23 1]
 [2 861 1 1 7 1111 5 4120.38 0 173056 42 1]
 [2 1565 1 1 4 1040 2 1068.52 0 24576 23 1]
 [2 1606 1 1 6 1271 3 2146.13 0 515072 240 1]
 [2 1455 1 1 7 1603 5 4509.42 0 726016 161 0]
 [2 2778 1 1 6 883 3 2274.08 0 175104 77 1]
 [2 2285 1 1 4 1551 2 1212.08 0 178176 147 1]
 [2 1220 1 1 2 889 1 621.714 0 17408 28 1]
 [2 2780 1 1 4 1744 2 1306.7 0 638976 489 1]
 [2 2457 1 1 0 32 0 341.333 0 1024 3 1]
 [2 1176 1 1 4 768 1 1024 0 4096 4 1]
 [2 682 1 1 2 776 0 512 0 4096 8 1]
 [2 2322 1 1 3 753 1 1024 0 4096 4 0]
 [3 951 1 1 12 1799 12 3772.3 0 1.82579e+06 484 1]
 [3 2038 1 1 9 1544 7 2101.89 0 39936 19 1]
 [3 2795 1 1 9 1625 7 2196.41 0 151552 69 1]
 [3 2800 1 1 9 523 7 2410.02 0 238592 99 1]
 [3 2557 1 1 10 807 8 3242.67 0 175104 54 1]
 [3 1692 1 1 10 865 8 3248.55 0 188416 58 1]
 [3 2310 1 1 11 1385 10 4096 0 110592 27 0]
 [3 3026 1 1 12 806 11 4932.17 0 1.66707e+06 338 0]
 [3 1665 1 1 9 1127 7 2480.97 0 369664 149 1]
 [3 1394 1 1 0 1073 0 105.026 0 4096 39 1]
 [3 2168 1 1 10 1468 8 3400.4 0 1.16634e+06 343 1]
 [3 1435 1 1 7 386 5 1839.02 0 90112 49 1]
 [3 1130 1 1 10 5 10 5120 0 5120 1 0]
 [3 2302 1 1 3 18 3 1024 0 1024 1 0]
 [3 1909 1 1 0 26 2 512 0 1024 2 1]
 [3 1973 1 1 7 1136 5 2209.68 0 41984 19 1]
 [3 1826 1 1 4 355 2 572.235 0 19456 34 1]
 [3 2229 1 1 7 159 3 1280 0 5120 4 1]
 [3 1567 1 1 7 862 3 1792 0 7168 4 1]
 [3 1530 1 1 2 29 0 341.333 0 1024 3 1]
 [3 1322 1 1 4 178 0 768 0 3072 4 1]
 [4 2206 1 0 7 1796 7 1857.36 1 352256 189 1]
 [4 2173 1 0 10 1798 3 1024 1 7168 3 0]
 [4 2817 1 0 2 1799 2 512 3 2048 3 1]
 [4 1223 1 1 5 1794 3 1024 0 6144 6 1]
 [4 2825 1 1 3 21 3 1024 0 1024 1 0]
 [4 2468 1 1 5 162 3 1024 0 4096 4 0]
 [4 1983 1 1 7 609 5 2101.89 0 79872 38 1]
 [4 2585 1 1 10 759 8 4328.11 0 324608 75 1]
 [4 1540 1 1 9 752 7 3336.83 0 193536 58 1]
 [4 2394 1 1 9 1515 7 3449.37 0 1.66605e+06 483 1]
 [4 2816 1 1 6 270 3 1170.29 0 16384 14 0]
 [4 1184 1 1 9 1772 7 3738.79 0 482304 129 1]
 [4 2822 1 1 6 273 3 1316.57 0 9216 7 0]
 [4 2060 1 1 7 750 5 2760.35 0 126976 46 1]
 [4 890 1 1 7 1296 5 2835.69 0 110592 39 1]
 [4 747 1 1 7 1583 5 2943.25 0 1.00659e+06 342 1]
 [4 1126 1 1 13 694 7 4608 0 36864 8 0]
 [4 2594 1 1 7 595 3 1792 0 7168 4 1]
 [4 2826 1 1 6 1757 3 1847.98 0 633856 343 1]
 [4 1288 1 1 8 452 3 2432 0 19456 8 1]
 [5 2846 1 0 8 1799 8 1628.33 0 357376 212 1]
 [5 1916 1 1 5 1775 5 1709.23 0 227328 133 1]
 [5 2103 1 1 0 291 0 120.471 0 2048 17 1]
 [5 2838 1 1 7 21 7 3072 0 3072 1 0]
 [5 991 1 1 10 10 10 5120 0 5120 1 0]
 [5 1982 1 1 10 9 10 5120 0 5120 1 0]
 [5 2909 1 1 3 27 3 1024 0 1024 1 0]
 [5 1253 1 1 6 262 3 1024 0 21504 21 1]
 [5 1024 1 1 3 25 3 1024 0 1024 1 0]
 [5 1772 1 1 10 902 8 4238.22 0 305152 72 1]
 [5 1149 1 1 10 1457 8 4284.93 0 1.16122e+06 271 1]
 [5 2503 1 1 10 1126 9 4286.39 0 852992 199 1]
 [5 2045 1 1 10 895 9 4302.33 0 1.15302e+06 268 1]
 [5 2247 1 1 10 1721 7 3305.19 0 333824 101 1]
 [5 2676 1 1 7 669 5 2304 0 129024 56 1]
 [5 2651 1 1 7 869 5 2379.85 0 257024 108 1]
 [5 1452 1 1 9 1192 5 2587.78 0 333824 129 1]
 [5 2829 1 1 7 1534 5 2653.09 0 58368 22 1]
 [5 2875 1 1 7 1539 5 2680.47 0 364544 136 1]
 [5 846 1 1 10 614 4 3242.67 0 19456 6 1]
 [5 2163 1 1 10 670 3 3846.24 0 157696 41 1]
 [5 2338 1 1 5 205 1 1024 0 3072 3 1]
 [6 1177 1 1 11 1799 11 3180.03 0 3.58707e+06 1128 1]
 [6 778 1 1 10 1778 10 2990.89 0 302080 101 1]
 [6 2791 1 1 10 1776 10 4101.92 0 709632 173 1]
 [6 2114 1 1 5 1777 5 1766.9 0 90112 51 1]
 [6 823 1 1 7 1753 5 1802.24 0 45056 25 1]
 [6 1830 1 1 4 30 4 1024 0 2048 2 1]
 [6 1335 1 1 3 19 3 1024 0 1024 1 0]
 [6 720 1 1 2 35 2 512 0 1024 2 1]
 [6 1703 1 1 6 171 3 1024 0 10240 10 1]
 [6 2482 1 1 9 8 5 2048 0 4096 2 1]
 [6 1450 1 1 7 454 5 2048 0 32768 16 1]
 [6 2028 1 1 7 441 5 2108.24 0 35840 17 1]
 [6 2363 1 1 7 1331 5 2211.84 0 110592 50 1]
 [6 2853 1 1 6 414 3 1158.3 0 70656 61 1]
 [6 2869 1 1 6 202 3 1170.29 0 8192 7 1]
 [6 1091 1 1 7 1690 5 2384.24 0 319488 134 1]
 [6 2256 1 1 6 147 3 1280 0 5120 4 0]
 [6 1589 1 1 4 424 2 682.667 0 4096 6 1]
 [6 1477 1 1 1 40 1 341.333 0 1024 3 1]
 [6 1788 1 1 5 127 2 1024 0 7168 7 1]
 [7 2039 1 1 13 1799 13 4469.12 0 4.41549e+06 988 1]
 [7 2894 1 1 7 1621 7 3196.88 0 262144 82 1]
 [7 1132 1 1 7 1620 7 3510.86 0 98304 28 1]
 [7 2901 1 1 6 1595 3 1262.93 0 75776 60 1]
 [7 1298 1 1 9 433 7 3840 0 107520 28 1]
 [7 1190 1 1 10 1272 9 5120 0 15360 3 0]
 [7 2891 1 1 7 408 5 2666.9 0 242688 91 1]
 [7 2288 1 1 1 30 1 341.333 0 1024 3 1]
 [7 873 1 1 5 355 3 1365.33 0 8192 6 1]
 [7 2192 1 1 4 1564 2 693.677 0 21504 31 1]
 [7 2119 1 1 6 375 3 1389.71 0 58368 42 1]
 [7 1957 1 1 9 1609 7 4224.54 0 1.00966e+06 239 1]
 [7 2350 1 1 4 429 2 883.726 0 64512 73 1]
 [7 1051 1 1 4 1516 2 938.667 0 11264 12 1]
 [7 1652 1 1 7 211 3 1920 0 15360 8 1]
 [7 960 1 1 4 1525 2 1024 0 6144 6 1]
 [7 1021 1 1 7 1259 3 2873.81 0 178176 62 1]
 [7 928 1 1 10 1270 4 4122.95 0 156672 38 1]
 [8 2998 1 0 10 1799 10 3702.86 0 1.84934e+06 503 1]
 [8 1225 1 1 12 1798 12 4778.67 0 143360 30 0]
 [8 734 1 1 7 1141 5 2033.58 0 144384 71 1]
 [8 1929 1 1 9 1618 7 3062.77 0 339968 111 1]
 [8 2618 1 1 9 766 7 3072 0 12288 4 0]
 [8 1128 1 1 6 392 3 1024 0 37888 37 1]
 [8 1803 1 1 6 334 3 1024 0 21504 21 1]
 [8 1939 1 1 9 561 5 2304 0 46080 20 1]
 [8 697 1 1 10 1739 8 4902.79 0 323584 66 1]
 [8 1214 1 1 7 1072 5 2457.6 0 12288 5 1]
 [8 2098 1 1 7 1591 5 2517.33 0 60416 24 1]
 [8 1201 1 1 7 1723 5 2578.96 0 69632 27 1]
 [8 667 1 1 7 1619 5 2665.3 0 375808 141 1]
 [8 1735 1 1 4 485 2 731.429 0 5120 7 1]
 [8 2921 1 1 6 1590 3 1500.02 0 555008 370 1]
 [8 2656 1 1 9 1105 5 3054.64 0 180224 59 1]
 [8 2139 1 1 5 1733 3 1592.89 0 28672 18 1]
 [8 2323 1 1 5 1478 3 1605.92 0 364544 227 1]
 [8 1729 1 1 9 1711 5 3537.45 0 38912 11 1]
 [8 1971 1 1 4 1695 0 938.667 0 33792 36 1]
 [8 1559 1 1 10 1513 1 2218.67 0 26624 12 1]
 [9 2490 1 1 12 1799 12 4579.98 0 1.84115e+06 402 1]
 [9 2416 1 1 10 1779 10 4308.53 0 228352 53 1]
 [9 2942 1 1 9 1776 9 3654.89 0 237568 65 0]
 [9 2447 1 1 10 1612 8 3987.06 0 374784 94 1]
