localLog = [[623 0 0]
 [631 0 0]
 [635 0 0]
 [637 0 0]
 [645 0 0]
 [646 0 0]
 [648 0 0]
 [654 0 0]
 [656 0 0]
 [659 0 0]
 [660 0 0]
 [662 0 0]
 [664 0 0]
 [668 0 0]
 [674 0 0]
 [676 0 0]
 [678 0 0]
 [683 0 0]
 [684 0 0]
 [685 0 0]
 [686 0 0]
 [689 0 0]
 [694 0 0]
 [696 0 0]
 [701 0 0]
 [703 0 0]
 [714 0 0]
 [717 0 0]
 [733 0 0]
 [734 0 0]
 [739 0 0]
 [757 0 0]
 [764 0 0]
 [765 0 0]
 [770 0 0]
 [775 0 0]
 [777 0 0]
 [778 0 0]
 [783 0 0]
 [784 0 0]
 [791 0 0]
 [795 0 0]
 [803 0 0]
 [805 0 0]
 [806 0 0]
 [808 0 0]
 [813 0 0]
 [818 0 0]
 [834 0 0]
 [837 0 0]
 [843 0 0]
 [847 0 0]
 [848 0 0]
 [849 0 0]
 [851 0 0]
 [856 0 0]
 [864 0 0]
 [870 0 0]
 [871 0 0]
 [880 0 0]
 [883 0 0]
 [884 0 0]
 [891 0 0]
 [894 0 0]
 [900 0 0]
 [907 0 0]
 [912 0 0]
 [924 0 0]
 [928 0 0]
 [929 0 0]
 [934 0 0]
 [938 0 0]
 [943 0 0]
 [945 0 0]
 [947 0 0]
 [951 0 0]
 [953 0 0]
 [956 0 0]
 [957 0 0]
 [959 0 0]
 [979 0 0]
 [981 0 0]
 [982 0 0]
 [988 0 0]
 [992 0 0]
 [1002 0 0]
 [1005 0 0]
 [1007 0 0]
 [1009 0 0]
 [1014 0 0]
 [1021 0 0]
 [1029 0 0]
 [1032 0 0]
 [1033 0 0]
 [1038 0 0]
 [1040 0 0]
 [1041 0 0]
 [1043 0 0]
 [1046 0 0]
 [1049 0 0]
 [1052 0 0]
 [1053 0 0]
 [1062 0 0]
 [1073 0 0]
 [1076 0 0]
 [1080 0 0]
 [1082 0 0]
 [1083 0 0]
 [1087 0 0]
 [1088 0 0]
 [1089 0 0]
 [1092 0 0]
 [1099 0 0]
 [1101 0 0]
 [1109 0 0]
 [1128 0 0]
 [1129 0 0]
 [1138 0 0]
 [1139 0 0]
 [1146 0 0]
 [1148 0 0]
 [1161 0 0]
 [1164 0 0]
 [1166 0 0]
 [1172 0 0]
 [1182 0 0]
 [1192 0 0]
 [1197 0 0]
 [1199 0 0]
 [1207 0 0]
 [1209 0 0]
 [1218 0 0]
 [1220 0 0]
 [1225 0 0]
 [1230 0 0]
 [1232 0 0]
 [1237 0 0]
 [1242 0 0]
 [1243 0 0]
 [1248 0 0]
 [1251 0 0]
 [1254 0 0]
 [1256 0 0]
 [1261 0 0]
 [1266 0 0]
 [1273 0 0]
 [1279 0 0]
 [1286 0 0]
 [1299 0 0]
 [1300 0 0]
 [1304 0 0]
 [1308 0 0]
 [1315 0 0]
 [1317 0 0]
 [1319 0 0]
 [1329 0 0]
 [1330 0 0]
 [1347 0 0]
 [1351 0 0]
 [1362 0 0]
 [1370 0 0]
 [1371 0 0]
 [1378 0 0]
 [1380 0 0]
 [1382 0 0]
 [1387 0 0]
 [1393 0 0]
 [1396 0 0]
 [1402 0 0]
 [1407 0 0]
 [1411 0 0]
 [1414 0 0]
 [1415 0 0]
 [1416 0 0]
 [1417 0 0]
 [1421 0 0]
 [1428 0 0]
 [1432 0 0]
 [1433 0 0]
 [1435 0 0]
 [1437 0 0]
 [1440 0 0]
 [1443 0 0]
 [1448 0 0]
 [1449 0 0]
 [1453 0 0]
 [1471 0 0]
 [1476 0 0]
 [1481 0 0]
 [1482 0 0]
 [1483 0 0]
 [1498 0 0]
 [1499 0 0]
 [1500 0 0]
 [1504 0 0]
 [1506 0 0]
 [1515 0 0]
 [1550 0 0]
 [1556 0 0]
 [1562 0 0]
 [1571 0 0]
 [1585 0 0]
 [1592 0 0]
 [1593 0 0]
 [1601 0 0]
 [1610 0 0]
 [1629 0 0]
 [1636 0 0]
 [1638 0 0]
 [1647 0 0]
 [1654 0 0]
 [1655 0 0]
 [1659 0 0]
 [1668 0 0]
 [1669 0 0]
 [1671 0 0]
 [1674 0 0]
 [1676 0 0]
 [1677 0 0]
 [1679 0 0]
 [1680 0 0]
 [1683 0 0]
 [1697 0 0]
 [1698 0 0]
 [1706 0 0]
 [1712 0 0]
 [1715 0 0]
 [1722 0 0]
 [1726 0 0]
 [1740 0 0]
 [1745 0 0]
 [1751 0 0]
 [1752 0 0]
 [1753 0 0]
 [1754 0 0]
 [1755 0 0]
 [1762 0 0]
 [1765 0 0]
 [1768 0 0]
 [1784 0 0]
 [1786 0 0]
 [1790 0 0]
 [1791 0 0]
 [1802 0 0]
 [1803 0 0]
 [1810 0 0]
 [1813 0 0]
 [1821 0 0]
 [1839 0 0]
 [1841 0 0]
 [1851 0 0]
 [1855 0 0]
 [1856 0 0]
 [1857 0 0]
 [1858 0 0]
 [1869 0 0]
 [1870 0 0]
 [1872 0 0]
 [1873 0 0]
 [1882 0 0]
 [1883 0 0]
 [1885 0 0]
 [1891 0 0]
 [1895 0 0]
 [1902 0 0]
 [1911 0 0]
 [1917 0 0]
 [1920 0 0]
 [1926 0 0]
 [1927 0 0]
 [1931 0 0]
 [1941 0 0]
 [1944 0 0]
 [1945 0 0]
 [1948 0 0]
 [1952 0 0]
 [1955 0 0]
 [1957 0 0]
 [1965 0 0]
 [1970 0 0]
 [1975 0 0]
 [2001 0 0]
 [2005 0 0]
 [2006 0 0]
 [2009 0 0]
 [2010 0 0]
 [2021 0 0]
 [2027 0 0]
 [2029 0 0]
 [2032 0 0]
 [2035 0 0]
 [2037 0 0]
 [2040 0 0]
 [2046 0 0]
 [2047 0 0]
 [2051 0 0]
 [2052 0 0]
 [2054 0 0]
 [2057 0 0]
 [2062 0 0]
 [2085 0 0]
 [2088 0 0]
 [2090 0 0]
 [2097 0 0]
 [2103 0 0]
 [2110 0 0]
 [2119 0 0]
 [2124 0 0]
 [2139 0 0]
 [2140 0 0]
 [2141 0 0]
 [2156 0 0]
 [2158 0 0]
 [2172 0 0]
 [2178 0 0]
 [2179 0 0]
 [2185 0 0]
 [2195 0 0]
 [2205 0 0]
 [2209 0 0]
 [2211 0 0]
 [2212 0 0]
 [2231 0 0]
 [2236 0 0]
 [2245 0 0]
 [2248 0 0]
 [2250 0 0]
 [2268 0 0]
 [2269 0 0]
 [2273 0 0]
 [2286 0 0]
 [2292 0 0]
 [2293 0 0]
 [2301 0 0]
 [2302 0 0]
 [2306 0 0]
 [2307 0 0]
 [2316 0 0]
 [2324 0 0]
 [2334 0 0]
 [2337 0 0]
 [2342 0 0]
 [2350 0 0]
 [2352 0 0]
 [2357 0 0]
 [2359 0 0]
 [2367 0 0]
 [2369 0 0]
 [2371 0 0]
 [2373 0 0]
 [2374 0 0]
 [2376 0 0]
 [2377 0 0]
 [2380 0 0]
 [2383 0 0]
 [2390 0 0]
 [2393 0 0]
 [2398 0 0]
 [2403 0 0]
 [2408 0 0]
 [2414 0 0]
 [2417 0 0]
 [2423 0 0]
 [2438 0 0]
 [2439 0 0]
 [2440 0 0]
 [2441 0 0]
 [2453 0 0]
 [2455 0 0]
 [2456 0 0]
 [2461 0 0]
 [2468 0 0]
 [2469 0 0]
 [2470 0 0]
 [2471 0 0]
 [2472 0 0]
 [2485 0 0]
 [2490 0 0]
 [2493 0 0]
 [2498 0 0]
 [2504 0 0]
 [2505 0 0]
 [2506 0 0]
 [2507 0 0]
 [2517 0 0]
 [2523 0 0]
 [2526 0 0]
 [2532 0 0]
 [2533 0 0]
 [2537 0 0]
 [2539 0 0]
 [2541 0 0]
 [2547 0 0]
 [2549 0 0]
 [2551 0 0]
 [2559 0 0]
 [2564 0 0]
 [2574 0 0]
 [2595 0 0]
 [2600 0 0]
 [2603 0 0]
 [2609 0 0]
 [2611 0 0]
 [2612 0 0]
 [2613 0 0]
 [2615 0 0]
 [2645 0 0]
 [2650 0 0]
 [2656 0 0]
 [2657 0 0]
 [2660 0 0]
 [2663 0 0]
 [2664 0 0]
 [2667 0 0]
 [2669 0 0]
 [2684 0 0]
 [2693 0 0]
 [2709 0 0]
 [2712 0 0]
 [2713 0 0]]