localLog = [[622 0 0]
 [632 0 0]
 [640 0 0]
 [641 0 0]
 [644 0 0]
 [654 0 0]
 [658 0 0]
 [667 0 0]
 [669 0 0]
 [684 0 0]
 [685 0 0]
 [700 0 0]
 [712 0 0]
 [721 0 0]
 [722 0 0]
 [731 0 0]
 [739 0 0]
 [751 0 0]
 [753 0 0]
 [766 0 0]
 [767 0 0]
 [774 0 0]
 [783 0 0]
 [786 0 0]
 [789 0 0]
 [800 0 0]
 [801 0 0]
 [802 0 0]
 [804 0 0]
 [812 0 0]
 [817 0 0]
 [824 0 0]
 [831 0 0]
 [832 0 0]
 [836 0 0]
 [846 0 0]
 [849 0 0]
 [854 0 0]
 [855 0 0]
 [857 0 0]
 [860 0 0]
 [865 0 0]
 [879 0 0]
 [881 0 0]
 [891 0 0]
 [893 0 0]
 [901 0 0]
 [904 0 0]
 [905 0 0]
 [909 0 0]
 [912 0 0]
 [919 0 0]
 [934 0 0]
 [938 0 0]
 [943 0 0]
 [948 0 0]
 [961 0 0]
 [966 0 0]
 [974 0 0]
 [976 0 0]
 [977 0 0]
 [985 0 0]
 [995 0 0]
 [1007 0 0]
 [1016 0 0]
 [1020 0 0]
 [1026 0 0]
 [1027 0 0]
 [1029 0 0]
 [1034 0 0]
 [1036 0 0]
 [1039 0 0]
 [1040 0 0]
 [1051 0 0]
 [1061 0 0]
 [1064 0 0]
 [1068 0 0]
 [1074 0 0]
 [1075 0 0]
 [1089 0 0]
 [1090 0 0]
 [1091 0 0]
 [1094 0 0]
 [1099 0 0]
 [1102 0 0]
 [1103 0 0]
 [1104 0 0]
 [1105 0 0]
 [1107 0 0]
 [1108 0 0]
 [1122 0 0]
 [1124 0 0]
 [1126 0 0]
 [1134 0 0]
 [1137 0 0]
 [1140 0 0]
 [1155 0 0]
 [1157 0 0]
 [1171 0 0]
 [1183 0 0]
 [1189 0 0]
 [1195 0 0]
 [1197 0 0]
 [1204 0 0]
 [1206 0 0]
 [1209 0 0]
 [1211 0 0]
 [1213 0 0]
 [1214 0 0]
 [1219 0 0]
 [1229 0 0]
 [1231 0 0]
 [1240 0 0]
 [1242 0 0]
 [1248 0 0]
 [1249 0 0]
 [1252 0 0]
 [1254 0 0]
 [1257 0 0]
 [1261 0 0]
 [1263 0 0]
 [1280 0 0]
 [1285 0 0]
 [1286 0 0]
 [1289 0 0]
 [1291 0 0]
 [1292 0 0]
 [1300 0 0]
 [1309 0 0]
 [1313 0 0]
 [1314 0 0]
 [1316 0 0]
 [1323 0 0]
 [1349 0 0]
 [1352 0 0]
 [1359 0 0]
 [1360 0 0]
 [1366 0 0]
 [1369 0 0]
 [1378 0 0]
 [1380 0 0]
 [1381 0 0]
 [1394 0 0]
 [1399 0 0]
 [1407 0 0]
 [1410 0 0]
 [1419 0 0]
 [1421 0 0]
 [1424 0 0]
 [1426 0 0]
 [1432 0 0]
 [1443 0 0]
 [1445 0 0]
 [1462 0 0]
 [1468 0 0]
 [1472 0 0]
 [1489 0 0]
 [1495 0 0]
 [1501 0 0]
 [1506 0 0]
 [1507 0 0]
 [1509 0 0]
 [1514 0 0]
 [1516 0 0]
 [1519 0 0]
 [1521 0 0]
 [1524 0 0]
 [1529 0 0]
 [1533 0 0]
 [1546 0 0]
 [1547 0 0]
 [1552 0 0]
 [1556 0 0]
 [1561 0 0]
 [1562 0 0]
 [1565 0 0]
 [1569 0 0]
 [1570 0 0]
 [1571 0 0]
 [1581 0 0]
 [1587 0 0]
 [1588 0 0]
 [1599 0 0]
 [1601 0 0]
 [1606 0 0]
 [1610 0 0]
 [1612 0 0]
 [1613 0 0]
 [1618 0 0]
 [1623 0 0]
 [1626 0 0]
 [1627 0 0]
 [1628 0 0]
 [1639 0 0]
 [1652 0 0]
 [1653 0 0]
 [1658 0 0]
 [1667 0 0]
 [1670 0 0]
 [1676 0 0]
 [1686 0 0]
 [1688 0 0]
 [1704 0 0]
 [1707 0 0]
 [1711 0 0]
 [1712 0 0]
 [1716 0 0]
 [1717 0 0]
 [1725 0 0]
 [1727 0 0]
 [1732 0 0]
 [1740 0 0]
 [1748 0 0]
 [1752 0 0]
 [1760 0 0]
 [1762 0 0]
 [1766 0 0]
 [1771 0 0]
 [1796 0 0]
 [1798 0 0]
 [1800 0 0]
 [1808 0 0]
 [1812 0 0]
 [1815 0 0]
 [1819 0 0]
 [1822 0 0]
 [1828 0 0]
 [1831 0 0]
 [1835 0 0]
 [1839 0 0]
 [1840 0 0]
 [1847 0 0]
 [1863 0 0]
 [1866 0 0]
 [1867 0 0]
 [1869 0 0]
 [1870 0 0]
 [1871 0 0]
 [1878 0 0]
 [1879 0 0]
 [1880 0 0]
 [1887 0 0]
 [1892 0 0]
 [1893 0 0]
 [1906 0 0]
 [1912 0 0]
 [1914 0 0]
 [1927 0 0]
 [1936 0 0]
 [1938 0 0]
 [1939 0 0]
 [1941 0 0]
 [1943 0 0]
 [1949 0 0]
 [1950 0 0]
 [1952 0 0]
 [1954 0 0]
 [1955 0 0]
 [1958 0 0]
 [1978 0 0]
 [1979 0 0]
 [1989 0 0]
 [1993 0 0]
 [1994 0 0]
 [2000 0 0]
 [2001 0 0]
 [2007 0 0]
 [2008 0 0]
 [2025 0 0]
 [2033 0 0]
 [2034 0 0]
 [2039 0 0]
 [2040 0 0]
 [2048 0 0]
 [2052 0 0]
 [2061 0 0]
 [2070 0 0]
 [2072 0 0]
 [2073 0 0]
 [2077 0 0]
 [2084 0 0]
 [2085 0 0]
 [2087 0 0]
 [2089 0 0]
 [2098 0 0]
 [2099 0 0]
 [2100 0 0]
 [2102 0 0]
 [2104 0 0]
 [2112 0 0]
 [2119 0 0]
 [2120 0 0]
 [2122 0 0]
 [2136 0 0]
 [2139 0 0]
 [2141 0 0]
 [2143 0 0]
 [2144 0 0]
 [2158 0 0]
 [2162 0 0]
 [2163 0 0]
 [2167 0 0]
 [2170 0 0]
 [2172 0 0]
 [2183 0 0]
 [2185 0 0]
 [2187 0 0]
 [2191 0 0]
 [2195 0 0]
 [2197 0 0]
 [2201 0 0]
 [2202 0 0]
 [2203 0 0]
 [2205 0 0]
 [2206 0 0]
 [2223 0 0]
 [2237 0 0]
 [2249 0 0]
 [2250 0 0]
 [2251 0 0]
 [2259 0 0]
 [2260 0 0]
 [2264 0 0]
 [2275 0 0]
 [2281 0 0]
 [2282 0 0]
 [2287 0 0]
 [2296 0 0]
 [2297 0 0]
 [2299 0 0]
 [2302 0 0]
 [2308 0 0]
 [2315 0 0]
 [2316 0 0]
 [2322 0 0]
 [2323 0 0]
 [2328 0 0]
 [2331 0 0]
 [2350 0 0]
 [2352 0 0]
 [2353 0 0]
 [2357 0 0]
 [2361 0 0]
 [2374 0 0]
 [2375 0 0]
 [2376 0 0]
 [2377 0 0]
 [2380 0 0]
 [2383 0 0]
 [2390 0 0]
 [2391 0 0]
 [2397 0 0]
 [2409 0 0]
 [2412 0 0]
 [2421 0 0]
 [2423 0 0]
 [2426 0 0]
 [2428 0 0]
 [2432 0 0]
 [2440 0 0]
 [2442 0 0]
 [2444 0 0]
 [2445 0 0]
 [2457 0 0]
 [2459 0 0]
 [2460 0 0]
 [2469 0 0]
 [2476 0 0]
 [2483 0 0]
 [2486 0 0]
 [2496 0 0]
 [2500 0 0]
 [2511 0 0]
 [2512 0 0]
 [2526 0 0]
 [2536 0 0]
 [2537 0 0]
 [2538 0 0]
 [2544 0 0]
 [2546 0 0]
 [2547 0 0]
 [2551 0 0]
 [2552 0 0]
 [2553 0 0]
 [2563 0 0]
 [2564 0 0]
 [2565 0 0]
 [2570 0 0]
 [2573 0 0]
 [2581 0 0]
 [2597 0 0]
 [2598 0 0]
 [2601 0 0]
 [2602 0 0]
 [2605 0 0]
 [2612 0 0]
 [2616 0 0]
 [2618 0 0]
 [2627 0 0]
 [2633 0 0]
 [2636 0 0]
 [2654 0 0]
 [2655 0 0]
 [2666 0 0]
 [2668 0 0]
 [2672 0 0]
 [2675 0 0]
 [2678 0 0]
 [2680 0 0]
 [2687 0 0]
 [2689 0 0]
 [2690 0 0]
 [2694 0 0]
 [2699 0 0]
 [2701 0 0]
 [2703 0 0]
 [2708 0 0]
 [2717 0 0]
 [2718 0 0]
 [2719 0 0]]